Year	Nsea	ItalySpermwhales	AdriaticIndividuals	AdriaticEvents	Sunspotcycle	Sunspots	AnnualTT	WinterTTAnom	SpringTTAnom	SummerTTAnom	AutumnTTAnom	AnnualTTAnom	WinterNAO	SpringNAO	SummerNAO	AutumnNAO	CRUwin	CRUspr	CRUsum	CRUaut
1555	NA	1	1	1	NA	NA	NA	-0.456	-0.163	-0.053	-0.249	-0.230	-0.04	-0.16	0.07	-0.41	NA	NA	NA	NA
1556	NA	0	0	0	NA	NA	NA	0.269	0.292	0.705	-0.132	0.284	0.18	0.14	-0.18	-0.13	NA	NA	NA	NA
1557	NA	0	0	0	NA	NA	NA	-2.314	-0.447	0.219	0.581	-0.490	-0.98	-0.19	-0.15	0.77	NA	NA	NA	NA
1558	NA	0	0	0	NA	NA	NA	-0.757	0.180	0.125	0.069	-0.095	0.06	0.14	-0.08	0.33	NA	NA	NA	NA
1559	NA	0	0	0	NA	NA	NA	-0.467	-0.164	0.483	-0.156	-0.075	-1.06	0.05	-0.22	-0.17	NA	NA	NA	NA
1560	NA	0	0	0	NA	NA	NA	-0.187	-0.182	-0.044	-0.379	-0.198	0.16	-0.21	0.06	-0.33	NA	NA	NA	NA
1561	NA	0	0	0	NA	NA	NA	-2.436	-0.495	-0.003	0.187	-0.686	-1.91	-0.18	-0.01	0.00	NA	NA	NA	NA
1562	NA	0	0	0	NA	NA	NA	0.344	-0.029	0.415	0.344	0.269	-0.37	0.13	0.12	0.23	NA	NA	NA	NA
1563	1	0	0	0	NA	NA	NA	-1.126	-0.550	-0.112	-0.718	-0.626	-0.57	-0.57	0.02	-1.14	NA	NA	NA	NA
1564	0	0	0	0	NA	NA	NA	-0.703	-0.293	0.099	0.032	-0.216	-0.10	0.00	0.05	-0.51	NA	NA	NA	NA
1565	0	0	0	0	NA	NA	NA	-3.193	-1.450	0.250	-0.749	-1.285	-1.14	-0.73	0.01	-0.75	NA	NA	NA	NA
1566	1	0	0	0	NA	NA	NA	-0.205	-0.117	0.343	-0.303	-0.070	0.87	-0.19	0.11	-0.28	NA	NA	NA	NA
1567	0	0	0	0	NA	NA	NA	-0.789	-0.485	0.392	-0.207	-0.272	0.07	-0.27	-0.25	-0.89	NA	NA	NA	NA
1568	0	0	0	0	NA	NA	NA	0.259	-0.451	0.235	-0.489	-0.111	0.25	-0.33	0.25	-0.56	NA	NA	NA	NA
1569	0	0	0	0	NA	NA	NA	-2.579	-0.795	-0.022	-0.729	-1.031	-1.38	-0.46	-0.06	-0.87	NA	NA	NA	NA
1570	0	0	0	0	NA	NA	NA	0.283	-0.299	0.074	-0.131	-0.018	0.08	-0.12	0.16	-0.18	NA	NA	NA	NA
1571	0	0	0	0	NA	NA	NA	-1.090	0.220	-0.131	-0.002	-0.250	-0.66	0.07	-0.02	0.12	NA	NA	NA	NA
1572	3	0	0	0	NA	NA	NA	-0.919	-0.251	0.226	-0.329	-0.318	-0.31	-0.14	0.12	-0.32	NA	NA	NA	NA
1573	0	0	0	0	NA	NA	NA	-3.253	-0.814	0.010	-0.354	-1.102	-2.36	-0.48	0.04	0.02	NA	NA	NA	NA
1574	0	0	0	0	NA	NA	NA	-0.415	-0.185	-0.176	0.442	-0.083	-0.26	-0.06	0.13	0.86	NA	NA	NA	NA
1575	2	0	0	0	NA	NA	NA	-0.444	-0.585	0.419	-0.275	-0.221	0.03	-0.33	0.00	-0.27	NA	NA	NA	NA
1576	0	0	0	0	NA	NA	NA	0.330	-0.292	-0.030	-0.582	-0.143	0.02	-0.12	0.41	-0.97	NA	NA	NA	NA
1577	6	0	0	0	NA	NA	NA	0.508	-0.291	-0.140	-0.101	-0.005	0.27	-0.21	0.13	-0.12	NA	NA	NA	NA
1578	0	0	0	0	NA	NA	NA	-0.502	-0.544	0.306	0.091	-0.162	-0.09	-0.32	-0.01	0.26	NA	NA	NA	NA
1579	0	0	0	0	NA	NA	NA	0.003	0.029	-0.305	-0.558	-0.207	-0.01	-0.03	0.27	-0.62	NA	NA	NA	NA
1580	0	0	0	0	NA	NA	NA	-0.007	-0.518	0.129	0.094	-0.075	0.04	-0.31	0.26	0.15	NA	NA	NA	NA
1581	0	0	0	0	NA	NA	NA	-0.874	-0.015	-0.020	-0.012	-0.230	-0.25	0.11	0.17	-0.02	NA	NA	NA	NA
1582	0	0	0	0	NA	NA	NA	-0.353	-0.371	0.064	-0.459	-0.279	-0.18	-0.23	0.13	-0.39	NA	NA	NA	NA
1583	0	0	0	0	NA	NA	NA	-0.446	0.099	0.292	0.213	0.040	-0.01	0.19	0.05	0.36	NA	NA	NA	NA
1584	0	7	7	1	NA	NA	NA	0.089	-0.378	0.110	0.002	-0.044	0.10	-0.05	0.21	-0.30	NA	NA	NA	NA
1585	0	0	0	0	NA	NA	NA	0.977	0.633	0.030	-0.301	0.335	0.75	0.58	0.24	-0.11	NA	NA	NA	NA
1586	0	0	0	0	NA	NA	NA	-1.824	-0.570	0.046	0.038	-0.577	-1.36	-0.17	0.10	-0.17	NA	NA	NA	NA
1587	0	0	0	0	NA	NA	NA	-1.566	-1.042	-0.527	-0.584	-0.929	-1.30	-0.86	-0.27	-0.26	NA	NA	NA	NA
1588	0	0	0	0	NA	NA	NA	-0.021	-0.453	-0.177	-0.463	-0.278	0.63	-0.39	0.19	-0.62	NA	NA	NA	NA
1589	0	0	0	0	NA	NA	NA	-1.263	-0.058	-0.142	0.458	-0.251	-0.32	0.05	0.29	0.70	NA	NA	NA	NA
1590	0	0	0	0	NA	NA	NA	-1.466	-0.718	0.382	0.565	-0.309	-0.99	-0.55	-0.14	0.73	NA	NA	NA	NA
1591	0	0	0	0	NA	NA	NA	-1.097	-0.096	0.253	0.160	-0.195	-1.16	0.25	0.13	0.08	NA	NA	NA	NA
1592	0	0	0	0	NA	NA	NA	0.074	-0.667	-0.221	-0.418	-0.308	-0.12	-0.44	-0.74	-0.48	NA	NA	NA	NA
1593	0	0	0	0	NA	NA	NA	-1.286	-0.690	-0.228	-0.299	-0.625	-1.47	-0.39	-0.17	-0.50	NA	NA	NA	NA
1594	0	0	0	0	NA	NA	NA	-0.463	-0.604	-0.360	-0.463	-0.472	0.50	0.21	0.31	-0.68	NA	NA	NA	NA
1595	0	0	0	0	NA	NA	NA	-3.376	-1.141	-0.301	-0.038	-1.214	-1.17	-0.62	-0.21	-0.31	NA	NA	NA	NA
1596	0	0	0	0	NA	NA	NA	0.121	0.435	-0.332	0.276	0.126	-0.64	0.51	0.35	-0.01	NA	NA	NA	NA
1597	0	0	0	0	NA	NA	NA	0.427	-1.283	-0.311	-1.464	-0.657	-0.39	-0.89	-0.03	-1.81	NA	NA	NA	NA
1598	1	0	0	0	NA	NA	NA	-1.216	-0.590	-0.302	-0.354	-0.615	-0.63	-0.38	-0.13	-0.96	NA	NA	NA	NA
1599	0	0	0	0	NA	NA	NA	-1.420	0.299	0.497	-0.016	-0.160	-0.83	0.16	0.18	-0.24	NA	NA	NA	NA
1600	0	0	0	0	NA	NA	NA	-2.408	-0.998	-0.334	-1.014	-1.188	-1.31	-0.56	0.09	-0.68	NA	NA	NA	NA
1601	1	2	2	2	NA	NA	NA	-2.094	-0.913	-0.898	-1.276	-1.295	-1.03	-0.52	0.04	-1.01	NA	NA	NA	NA
1602	0	0	0	0	NA	NA	NA	0.261	-0.055	-0.034	-0.188	-0.003	0.14	-0.01	0.04	-0.17	NA	NA	NA	NA
1603	1	0	0	0	NA	NA	NA	-1.216	-0.170	0.192	0.198	-0.249	-0.31	-0.26	-0.17	0.24	NA	NA	NA	NA
1604	2	0	0	0	NA	NA	NA	0.384	-0.284	-0.246	-0.496	-0.160	-0.52	-0.20	-0.33	-0.37	NA	NA	NA	NA
1605	0	0	0	0	NA	NA	NA	0.265	-0.111	-0.164	0.311	0.076	0.55	0.01	0.02	-0.06	NA	NA	NA	NA
1606	1	0	0	0	NA	NA	NA	-0.131	-0.132	-0.495	-0.548	-0.326	-0.88	-0.03	0.16	-0.46	NA	NA	NA	NA
1607	0	0	0	0	NA	NA	NA	1.525	-0.056	-0.325	-0.036	0.277	1.10	-0.01	0.00	0.12	NA	NA	NA	NA
1608	0	0	0	0	NA	NA	NA	-3.582	-0.675	-0.576	-0.290	-1.280	-2.78	-0.51	0.11	-0.28	NA	NA	NA	NA
1609	1	0	0	0	NA	NA	NA	1.410	-0.022	-0.347	-0.161	0.221	1.50	0.14	0.12	-0.35	NA	NA	NA	NA
1610	0	0	0	0	NA	NA	NA	-0.211	-0.629	0.070	0.536	-0.058	-0.06	-0.31	0.12	0.07	NA	NA	NA	NA
1611	0	8	1	1	NA	NA	NA	-0.290	0.187	0.340	-0.660	-0.105	0.01	0.06	-0.36	-0.74	NA	NA	NA	NA
1612	0	0	0	0	NA	NA	NA	-0.894	-0.384	0.033	0.186	-0.264	-0.57	-0.19	-0.18	-0.04	NA	NA	NA	NA
1613	0	0	0	0	NA	NA	NA	1.424	-0.154	0.132	-0.503	0.225	0.88	-0.02	0.27	-0.44	NA	NA	NA	NA
1614	2	0	0	0	NA	NA	NA	-1.034	-0.996	-0.191	-1.076	-0.824	-0.62	-0.47	0.13	-0.94	NA	NA	NA	NA
1615	0	0	0	0	NA	NA	NA	-0.862	-1.033	-0.050	0.324	-0.405	-0.24	-0.61	-0.51	0.24	NA	NA	NA	NA
1616	0	0	0	0	NA	NA	NA	-1.222	0.160	0.017	0.095	-0.237	-0.88	0.20	-0.46	-0.35	NA	NA	NA	NA
1617	4	0	0	0	NA	NA	NA	1.262	0.411	-0.335	-0.009	0.333	1.33	0.43	0.17	-0.29	NA	NA	NA	NA
1618	0	0	0	0	NA	NA	NA	-0.523	-0.519	-0.079	0.272	-0.212	-0.97	-0.38	0.34	0.23	NA	NA	NA	NA
1619	0	0	0	0	NA	NA	NA	0.190	-0.572	-0.129	-0.535	-0.261	0.30	-0.30	0.02	-0.75	NA	NA	NA	NA
1620	1	0	0	0	NA	NA	NA	-1.306	-0.233	-0.133	0.019	-0.413	-0.33	-0.09	0.05	0.06	NA	NA	NA	NA
1621	0	0	0	0	NA	NA	NA	-2.285	-0.009	-0.255	-0.362	-0.727	-0.89	0.03	0.25	-0.23	NA	NA	NA	NA
1622	0	0	0	0	NA	NA	NA	-1.733	-0.431	0.170	-0.168	-0.540	-0.70	-0.14	0.19	-0.19	NA	NA	NA	NA
1623	0	0	0	0	NA	NA	NA	-0.315	-0.527	0.220	-0.164	-0.196	-0.96	-0.31	-0.19	-0.27	NA	NA	NA	NA
1624	0	0	0	0	NA	NA	NA	-2.044	0.312	0.471	0.116	-0.286	-1.89	0.18	-0.17	0.20	NA	NA	NA	NA
1625	0	0	0	0	NA	NA	NA	0.897	-0.382	-0.218	-0.426	-0.032	0.11	-0.13	-0.01	-0.64	NA	NA	NA	NA
1626	1	0	0	0	NA	NA	NA	0.460	-0.576	0.129	0.176	0.048	-0.40	-0.43	0.15	0.11	NA	NA	NA	NA
1627	0	0	0	0	NA	NA	NA	-1.525	-1.206	-0.295	-0.214	-0.810	-0.80	-0.76	0.32	-0.29	NA	NA	NA	NA
1628	0	0	0	0	NA	NA	NA	0.389	-0.280	-0.161	-0.446	-0.124	0.21	-0.03	0.26	-0.57	NA	NA	NA	NA
1629	1	0	0	0	NA	NA	NA	0.573	-0.965	0.398	0.163	0.043	0.29	-0.67	-0.53	-0.39	NA	NA	NA	NA
1630	0	0	0	0	NA	NA	NA	0.569	-0.577	-0.210	-0.286	-0.126	0.32	-0.30	-0.31	-0.37	NA	NA	NA	NA
1631	0	0	0	0	NA	NA	NA	-0.599	-0.224	0.378	0.219	-0.056	-0.21	-0.13	-0.19	-0.04	NA	NA	NA	NA
1632	0	0	0	0	NA	NA	NA	-0.428	-0.632	-0.082	-0.735	-0.469	0.02	-0.37	0.10	-1.08	NA	NA	NA	NA
1633	0	0	0	0	NA	NA	NA	0.504	-0.577	-0.483	-0.285	-0.210	0.52	-0.31	-0.34	-0.45	NA	NA	NA	NA
1634	0	0	0	0	NA	NA	NA	-0.437	-0.275	0.017	-0.725	-0.354	-0.08	-0.12	-0.11	-0.69	NA	NA	NA	NA
1635	0	0	0	0	NA	NA	NA	-2.190	-0.996	-0.341	-0.090	-0.904	-1.47	-0.46	-0.12	-0.41	NA	NA	NA	NA
1636	0	0	0	0	NA	NA	NA	-0.182	0.566	0.157	-0.576	-0.008	-0.32	0.29	0.00	-0.48	NA	NA	NA	NA
1637	0	0	0	0	NA	NA	NA	-1.144	-0.008	0.497	-0.724	-0.344	-0.56	0.07	0.05	-0.60	NA	NA	NA	NA
1638	0	0	0	0	NA	NA	NA	-0.297	0.347	0.101	-0.672	-0.130	-0.07	0.29	0.07	-0.41	NA	NA	NA	NA
1639	0	0	0	0	NA	NA	NA	0.239	-0.353	-0.105	0.199	-0.005	-0.17	-0.15	0.30	0.36	NA	NA	NA	NA
1640	0	0	0	0	NA	NA	NA	-0.623	-1.103	0.272	-0.629	-0.520	-0.81	-0.59	0.26	-0.76	NA	NA	NA	NA
1641	1	0	0	0	NA	NA	NA	-0.975	-0.422	-0.562	-0.631	-0.647	-0.98	-0.09	0.10	-0.98	NA	NA	NA	NA
1642	0	0	0	0	NA	NA	NA	0.209	-1.427	-0.236	-0.221	-0.418	-0.58	-0.94	-0.09	-0.38	NA	NA	NA	NA
1643	0	0	0	0	NA	NA	NA	0.356	-1.541	0.215	-1.006	-0.493	-0.41	-0.91	0.01	-0.68	NA	NA	NA	NA
1644	0	0	0	0	NA	NA	NA	-0.730	-0.348	0.082	-0.264	-0.315	-0.68	-0.19	0.04	-0.02	NA	NA	NA	NA
1645	0	0	0	0	NA	NA	NA	-0.742	0.168	0.261	-0.359	-0.168	-0.27	0.15	-0.08	-0.39	NA	NA	NA	NA
1646	2	0	0	0	NA	NA	NA	-1.935	0.143	0.394	-0.107	-0.376	-1.60	0.11	-0.24	-0.24	NA	NA	NA	NA
1647	0	0	0	0	NA	NA	NA	-0.042	0.153	0.075	0.439	0.157	-0.40	0.13	0.26	0.51	NA	NA	NA	NA
1648	0	0	0	0	NA	NA	NA	0.247	0.091	0.211	-0.425	0.031	0.17	0.18	0.32	-0.24	NA	NA	NA	NA
1649	0	0	0	0	NA	NA	NA	-1.395	-0.685	0.212	-0.500	-0.591	-0.70	-0.41	-0.05	-0.86	NA	NA	NA	NA
1650	0	0	0	0	NA	NA	NA	0.548	-0.544	0.228	0.011	0.061	0.29	-0.22	0.19	0.02	NA	NA	NA	NA
1651	0	0	0	0	NA	NA	NA	-0.521	-0.547	0.376	-0.327	-0.254	-0.37	-0.20	0.02	-0.08	NA	NA	NA	NA
1652	1	0	0	0	NA	NA	NA	-0.241	-1.010	0.130	-0.253	-0.343	-0.17	-0.58	-0.06	0.07	NA	NA	NA	NA
1653	0	0	0	0	NA	NA	NA	-0.586	-0.107	-0.171	-0.255	-0.279	-0.01	-0.05	-0.19	-0.23	NA	NA	NA	NA
1654	0	0	0	0	NA	NA	NA	0.393	-0.310	0.068	-0.162	-0.002	0.47	-0.16	0.19	-0.40	NA	NA	NA	NA
1655	0	0	0	0	NA	NA	NA	-1.172	-0.881	0.329	0.113	-0.402	-0.62	-0.44	0.12	-0.08	NA	NA	NA	NA
1656	0	0	0	0	NA	NA	NA	-0.862	-0.248	0.162	-0.441	-0.347	-0.34	-0.04	-0.22	-0.51	NA	NA	NA	NA
1657	0	0	0	0	NA	NA	NA	0.350	-0.220	0.058	-0.310	-0.030	0.06	-0.12	0.03	-0.20	NA	NA	NA	NA
1658	0	0	0	0	NA	NA	NA	-2.749	-0.893	0.000	0.016	-0.906	-1.41	-0.61	0.16	-0.01	NA	NA	NA	NA
1659	0	0	0	0	NA	NA	NA	0.135	-0.562	-0.117	-0.306	-0.343	-0.12	-0.49	0.09	-0.28	NA	NA	NA	NA
1660	0	0	0	0	NA	NA	NA	-1.926	-0.003	-0.041	-0.364	-0.472	-1.78	0.04	0.16	-0.28	NA	NA	NA	NA
1661	0	0	0	0	NA	NA	NA	0.646	-0.121	0.220	0.120	0.255	1.03	0.12	0.35	0.33	NA	NA	NA	NA
1662	0	0	0	0	NA	NA	NA	0.574	-0.217	-0.060	-0.211	-0.079	1.31	0.16	0.07	-0.09	NA	NA	NA	NA
1663	0	0	0	0	NA	NA	NA	-1.090	-0.368	0.026	-0.088	-0.284	-1.87	-0.55	0.15	0.05	NA	NA	NA	NA
1664	0	0	0	0	NA	NA	NA	0.012	-0.462	0.153	-0.310	-0.157	0.12	-0.19	0.03	-0.40	NA	NA	NA	NA
1665	0	0	0	0	NA	NA	NA	-1.339	-0.587	-0.092	-0.322	-0.640	-1.68	-0.89	0.18	-0.24	NA	NA	NA	NA
1666	0	0	0	0	NA	NA	NA	-0.681	-0.458	0.196	-0.237	-0.255	-0.48	-0.37	-0.11	-0.10	NA	NA	NA	NA
1667	0	0	0	0	NA	NA	NA	-0.594	-0.645	0.158	0.033	-0.326	-0.83	-0.85	0.00	-0.25	NA	NA	NA	NA
1668	0	0	0	0	NA	NA	NA	0.285	-0.830	0.062	0.291	0.080	0.46	-0.49	0.15	0.15	NA	NA	NA	NA
1669	0	0	0	0	NA	NA	NA	-0.604	-0.183	0.219	0.158	-0.234	-0.01	-0.57	0.01	0.20	NA	NA	NA	NA
1670	0	0	0	0	NA	NA	NA	-1.420	-0.093	0.088	-0.138	-0.324	-1.41	-0.24	-0.06	-0.10	NA	NA	NA	NA
1671	0	0	0	0	NA	NA	NA	0.461	-0.135	0.017	-0.131	0.046	0.61	-0.28	-0.09	-0.21	NA	NA	NA	NA
1672	0	0	0	0	NA	NA	NA	-0.910	-0.281	-0.095	-0.081	-0.272	-0.94	-0.29	0.02	0.15	NA	NA	NA	NA
1673	0	0	0	0	NA	NA	NA	0.691	-0.185	-0.061	-0.304	-0.068	0.55	-0.19	0.15	-0.30	NA	NA	NA	NA
1674	0	0	0	0	NA	NA	NA	-1.109	-0.163	-0.518	-0.418	-0.494	-1.11	-0.57	0.39	-0.16	NA	NA	NA	NA
1675	0	0	0	0	NA	NA	NA	0.360	-0.924	-0.785	-0.855	-0.486	0.36	-0.85	0.22	-1.01	NA	NA	NA	NA
1676	0	0	0	0	NA	NA	NA	0.467	-0.526	0.359	-0.974	-0.364	0.76	-0.07	-0.02	-0.72	NA	NA	NA	NA
1677	0	0	0	0	NA	NA	NA	-0.535	-0.468	0.123	-0.379	-0.279	-0.33	-0.67	-0.02	-0.63	NA	NA	NA	NA
1678	0	0	0	0	NA	NA	NA	0.079	-0.284	0.597	0.425	0.259	0.01	-0.34	0.47	0.16	NA	NA	NA	NA
1679	0	0	0	0	NA	NA	NA	-1.494	-0.075	0.597	-0.643	-0.436	-0.87	-0.39	0.22	-0.24	NA	NA	NA	NA
1680	0	0	0	0	NA	NA	NA	-0.333	0.330	0.304	0.471	0.077	0.51	1.12	0.43	0.79	NA	NA	NA	NA
1681	0	0	0	0	NA	NA	NA	-2.097	-0.187	0.002	0.227	-0.381	-0.87	-0.25	0.19	0.46	NA	NA	NA	NA
1682	0	0	0	0	NA	NA	NA	-0.012	-0.185	0.317	-0.086	0.115	0.34	-0.15	0.33	-0.26	NA	NA	NA	NA
1683	0	0	0	0	NA	NA	NA	-0.513	-0.481	0.038	-0.557	-0.497	0.62	0.05	-0.02	-0.68	NA	NA	NA	NA
1684	0	0	0	0	NA	NA	NA	-3.088	-0.322	0.284	-0.256	-0.813	-2.03	-0.48	0.25	-0.17	NA	NA	NA	NA
1685	0	0	0	0	NA	NA	NA	-1.947	-0.229	-0.105	-0.241	-0.488	-0.55	-0.19	-0.01	-0.20	NA	NA	NA	NA
1686	0	0	0	0	NA	NA	NA	1.416	0.254	-0.092	-0.258	0.225	1.02	0.12	0.10	0.00	NA	NA	NA	NA
1687	0	0	0	0	NA	NA	NA	-0.820	-0.652	-0.123	0.057	-0.457	0.25	-0.27	0.34	0.57	NA	NA	NA	NA
1688	0	0	0	0	NA	NA	NA	-1.840	-0.881	-0.206	-0.460	-0.836	-0.81	-0.71	-0.22	-0.57	NA	NA	NA	NA
1689	2	0	0	0	NA	NA	NA	-0.933	-0.154	-0.098	-0.369	-0.281	0.24	-0.26	0.39	-0.42	NA	NA	NA	NA
1690	1	0	0	0	NA	NA	NA	0.552	-0.454	-0.047	-0.309	-0.165	0.26	-0.62	0.15	-0.21	NA	NA	NA	NA
1691	0	0	0	0	NA	NA	NA	-1.681	-1.094	-0.018	-0.862	-0.887	-1.32	-0.44	-0.22	-0.93	NA	NA	NA	NA
1692	1	0	0	0	NA	NA	NA	-1.680	-0.534	-0.002	-0.383	-0.691	-1.28	-0.55	0.24	-0.64	NA	NA	NA	NA
1693	0	0	0	0	NA	NA	NA	0.357	-0.327	0.035	0.026	0.034	0.72	-0.22	0.17	-0.34	NA	NA	NA	NA
1694	0	0	0	0	NA	NA	NA	-1.328	-0.545	-0.291	-0.791	-0.767	-0.83	0.16	-0.01	-0.39	NA	NA	NA	NA
1695	0	0	0	0	NA	NA	NA	-2.431	-0.966	-0.919	-0.531	-1.161	-2.05	-1.27	-0.91	-0.57	NA	NA	NA	NA
1696	0	0	0	0	NA	NA	NA	0.788	-1.056	-0.101	-0.023	-0.145	0.61	-0.58	-0.03	-0.35	NA	NA	NA	NA
1697	0	0	0	0	NA	NA	NA	-2.552	-0.277	-0.145	-0.562	-0.919	-1.53	-0.68	0.17	-0.65	NA	NA	NA	NA
1698	0	0	0	0	NA	NA	NA	-1.779	-0.772	-0.344	-0.590	-0.751	-0.97	-0.49	-0.09	-0.16	NA	NA	NA	NA
1699	0	0	0	0	NA	NA	NA	0.173	-0.662	-0.060	-0.103	-0.190	-0.88	-0.49	0.13	-0.36	NA	NA	NA	NA
1700	1	0	0	0	NA	5	NA	-0.529	-0.984	-0.490	-0.509	-0.582	0.63	-0.40	-0.27	-0.29	NA	NA	NA	NA
1701	1	0	0	0	NA	11	NA	-0.093	-0.749	0.312	0.500	-0.016	0.56	-0.99	-0.54	-0.20	NA	NA	NA	NA
1702	0	0	0	0	12	16	0.124	1.253	-0.093	-0.011	-0.548	0.124	1.00	-0.47	0.23	-0.17	NA	NA	NA	NA
1703	1	0	0	0	12	23	0.090	-0.555	0.669	-0.089	0.035	0.090	0.43	-0.22	-0.30	-0.02	NA	NA	NA	NA
1704	0	0	0	0	12	36	-0.168	-0.474	-0.239	0.260	-0.071	-0.168	-0.42	-0.09	-0.64	-0.22	NA	NA	NA	NA
1705	0	0	0	0	12	58	-0.397	-0.600	-0.641	-0.088	-0.267	-0.397	-0.44	-0.28	0.29	-0.49	NA	NA	NA	NA
1706	0	0	0	0	12	29	0.179	-0.325	-0.129	0.529	0.485	0.179	0.93	0.10	0.36	0.91	NA	NA	NA	NA
1707	0	0	0	0	12	20	0.117	0.676	-0.651	0.484	0.006	0.117	0.08	-0.29	0.16	-0.10	NA	NA	NA	NA
1708	0	0	0	0	12	10	0.270	0.902	0.296	0.259	0.315	0.270	0.84	0.11	0.35	-0.68	NA	NA	NA	NA
1709	0	0	0	0	12	8	-0.883	-3.590	-0.518	0.137	0.071	-0.883	-0.95	-0.42	-0.14	0.23	NA	NA	NA	NA
1710	0	0	0	0	12	3	0.184	-0.676	0.495	0.337	0.021	0.184	0.31	-0.24	0.31	0.35	NA	NA	NA	NA
1711	0	0	0	0	12	0	0.105	0.214	0.523	-0.069	-0.019	0.105	1.14	0.45	0.03	0.01	NA	NA	NA	NA
1712	0	0	0	0	12	0	-0.408	-0.285	-0.501	-0.357	-0.170	-0.408	0.72	-0.73	-0.11	0.47	NA	NA	NA	NA
1713	0	1	1	1	12	2	-0.480	0.286	-1.150	-0.444	-0.802	-0.480	1.16	-0.97	-0.36	-0.62	NA	NA	NA	NA
1714	0	0	0	0	11	11	-0.371	-0.519	-0.615	-0.161	-0.109	-0.371	-0.05	0.01	-0.96	0.17	NA	NA	NA	NA
1715	0	2	2	2	11	27	-0.230	-0.201	0.029	-0.216	-0.005	-0.230	-0.07	0.63	0.17	0.48	NA	NA	NA	NA
1716	0	0	0	0	11	47	-0.794	-1.773	-0.898	-0.120	-0.799	-0.794	-1.24	-0.61	-0.02	-0.50	NA	NA	NA	NA
1717	0	0	0	0	11	63	-0.194	-0.439	-0.046	0.061	-0.426	-0.194	-0.70	-0.26	0.23	-0.02	NA	NA	NA	NA
1718	1	0	0	0	11	60	-0.243	-1.276	-0.015	-0.021	0.045	-0.243	-0.54	0.20	0.00	0.21	NA	NA	NA	NA
1719	0	0	0	0	11	39	-0.212	0.368	-0.498	0.284	-0.496	-0.212	0.12	-0.55	0.07	-0.03	NA	NA	NA	NA
1720	0	0	0	0	11	28	-0.359	-0.324	-0.616	-0.374	-0.520	-0.359	-0.20	-0.41	-0.14	-0.08	NA	NA	NA	NA
1721	1	0	0	0	11	26	-0.154	0.073	-0.526	0.012	-0.182	-0.154	-0.22	-0.62	0.00	-0.04	NA	NA	NA	NA
1722	0	0	0	0	11	22	0.512	1.004	-0.057	0.070	0.682	0.512	0.42	0.44	0.95	0.80	NA	NA	NA	NA
1723	18	0	0	0	11	11	0.314	0.646	0.556	-0.069	0.010	0.314	1.12	0.82	-0.08	0.46	NA	NA	NA	NA
1724	0	0	0	0	11	21	0.026	2.070	-0.545	-0.182	-0.228	0.026	1.46	-0.52	-0.63	-0.95	NA	NA	NA	NA
1725	0	0	0	0	8	40	-0.391	-0.757	-0.474	-0.440	-0.462	-0.391	0.13	-0.33	-0.10	-0.63	NA	NA	NA	NA
1726	0	0	0	0	8	78	-0.236	-0.545	0.251	0.229	-0.457	-0.236	0.18	-0.09	-0.32	-0.32	NA	NA	NA	NA
1727	0	0	0	0	8	122	0.325	0.103	-0.496	0.274	0.581	0.325	-0.20	-0.64	-0.31	0.87	NA	NA	NA	NA
1728	0	0	0	0	8	103	0.064	0.506	0.704	-0.229	0.162	0.064	0.33	0.32	-0.05	0.51	NA	NA	NA	NA
1729	0	0	0	0	8	73	-0.240	-0.672	-0.850	-0.098	0.067	-0.240	-0.96	-0.91	-0.49	0.61	NA	NA	NA	NA
1730	0	0	0	0	8	47	-0.094	0.274	-0.187	0.660	-0.931	-0.094	0.51	0.16	0.91	-0.53	NA	NA	NA	NA
1731	0	0	0	0	8	35	-0.325	-0.327	-0.637	-0.644	0.281	-0.325	-0.04	-0.33	-0.74	0.38	NA	NA	NA	NA
1732	0	0	0	0	8	11	-0.195	-0.125	0.696	-0.404	-0.161	-0.195	0.30	0.61	1.30	0.05	NA	NA	NA	NA
1733	0	0	0	0	12	5	0.296	0.284	-0.192	-0.273	-0.103	0.296	0.30	0.40	0.33	-0.02	NA	NA	NA	NA
1734	0	0	0	0	12	16	0.076	1.692	0.101	-0.038	-0.647	0.076	1.42	0.29	-0.45	-0.10	NA	NA	NA	NA
1735	0	0	0	0	12	34	0.291	0.782	0.632	0.158	-0.408	0.291	1.07	0.46	-0.09	-0.05	NA	NA	NA	NA
1736	0	0	0	0	12	70	0.131	-0.042	-0.400	0.168	0.251	0.131	0.37	-0.40	0.31	0.18	NA	NA	NA	NA
1737	0	0	0	0	12	81	0.111	1.152	-0.383	-0.141	0.079	0.111	1.62	0.42	0.46	0.13	NA	NA	NA	NA
1738	3	0	0	0	12	111	0.224	0.370	0.092	0.238	0.123	0.224	0.68	0.63	1.34	0.73	NA	NA	NA	NA
1739	0	0	0	0	12	101	-0.420	0.009	-0.415	-0.280	-0.948	-0.420	0.35	-0.39	-0.08	-0.90	NA	NA	NA	NA
1740	0	0	0	0	12	73	-0.830	-1.560	-1.226	-0.386	-0.462	-0.830	-1.90	-0.58	-0.62	-0.61	NA	NA	NA	NA
1741	0	0	0	0	12	40	-0.055	1.282	-0.739	-0.394	0.178	-0.055	0.39	-0.78	-0.66	0.32	NA	NA	NA	NA
1742	0	0	0	0	12	20	-0.305	0.577	-1.102	-0.453	0.070	-0.305	0.32	-1.43	-0.84	0.12	NA	NA	NA	NA
1743	0	0	0	0	12	16	0.184	0.094	-0.052	0.351	-0.070	0.184	0.13	0.50	0.48	-0.04	NA	NA	NA	NA
1744	0	0	0	0	12	5	0.026	-0.872	0.500	0.165	0.333	0.026	-0.38	0.44	0.27	0.47	NA	NA	NA	NA
1745	0	0	0	0	11.2	11	-0.307	-0.918	-0.154	0.261	-0.160	-0.307	-0.52	-0.31	0.62	-0.37	NA	NA	NA	NA
1746	0	0	0	0	11.2	22	0.028	0.074	-0.531	0.009	-0.112	0.028	-0.14	-0.55	0.55	-0.05	NA	NA	NA	NA
1747	0	0	0	0	11.2	40	-0.009	0.397	-0.587	0.104	0.434	-0.009	0.33	-0.72	0.01	0.74	NA	NA	NA	NA
1748	0	0	0	0	11.2	60	-0.123	-0.263	-0.716	0.544	-0.335	-0.123	0.43	-0.65	0.20	-0.54	NA	NA	NA	NA
1749	0	0	0	0	11.2	80.9	-0.072	0.290	-0.352	0.302	-0.208	-0.072	1.04	-0.15	0.48	-0.63	NA	NA	NA	NA
1750	0	1	1	1	11.2	83.4	0.165	0.579	1.033	0.357	-0.934	0.165	0.99	1.23	0.22	-2.03	NA	NA	NA	NA
1751	2	0	0	0	11.2	47.7	-0.083	-0.764	0.610	0.006	-0.592	-0.083	-0.92	0.71	0.52	-0.60	NA	NA	NA	NA
1752	0	0	0	0	11.2	47.8	0.309	-0.005	0.075	0.779	0.309	0.309	-0.32	-0.33	1.15	0.11	NA	NA	NA	NA
1753	3	0	0	0	11.2	30.7	-0.075	-0.433	0.323	0.155	0.381	-0.075	-0.09	0.32	0.25	0.50	NA	NA	NA	NA
1754	0	0	0	0	11.2	12.2	-0.018	-0.819	-0.192	0.186	0.236	-0.018	-0.86	-0.42	0.67	-0.14	NA	NA	NA	NA
1755	0	0	0	0	11.2	9.6	-0.221	-1.954	0.111	0.721	0.261	-0.221	-0.89	0.52	0.74	0.50	NA	NA	NA	NA
1756	0	0	0	0	11.3	10.2	0.014	0.800	-0.323	0.465	-0.302	0.014	0.69	-0.18	-0.61	-0.91	NA	NA	NA	NA
1757	4	0	0	0	11.3	32.4	0.242	-0.991	0.589	1.619	-0.529	0.242	-1.20	0.59	1.21	-0.82	NA	NA	NA	NA
1758	1	0	0	0	11.3	47.6	-0.614	-1.524	-0.262	0.028	-0.819	-0.614	-1.00	-0.62	-0.39	-0.97	NA	NA	NA	NA
1759	0	0	0	0	11.3	54	-0.024	0.270	-0.230	0.837	-0.416	-0.024	0.74	0.39	0.64	-0.40	NA	NA	NA	NA
1760	0	0	0	0	11.3	62.9	-0.305	-1.646	-0.802	0.298	0.015	-0.305	-1.51	0.17	0.58	0.02	NA	NA	NA	NA
1761	2	0	0	0	11.3	85.9	0.134	-0.127	0.624	1.037	-0.033	0.134	0.26	0.75	1.14	-0.22	NA	NA	NA	NA
1762	24	0	0	0	11.3	61.2	-0.156	-0.320	-0.145	0.396	-0.632	-0.156	0.26	-0.09	0.37	-1.08	NA	NA	NA	NA
1763	1	0	0	0	11.3	45.1	-0.297	-1.219	-0.955	0.894	-0.678	-0.297	-0.93	-0.51	0.87	-0.84	NA	NA	NA	NA
1764	1	1	1	1	11.3	36.4	0.209	1.120	-0.210	0.165	-0.319	0.209	0.78	0.20	0.62	-0.56	NA	NA	NA	NA
1765	3	0	0	0	11.3	20.9	-0.034	-0.062	0.324	0.152	-0.146	-0.034	-0.36	0.64	-0.15	0.36	NA	NA	NA	NA
1766	0	0	0	0	11.3	11.4	-0.081	-1.607	0.657	0.608	0.128	-0.081	-1.49	0.03	0.83	0.40	NA	NA	NA	NA
1767	1	1	1	1	9	37.8	-0.307	-1.885	-0.623	0.419	0.978	-0.307	-0.73	-0.56	1.61	1.69	NA	NA	NA	NA
1768	0	1	1	1	9	69.8	-0.441	-1.882	-1.048	0.465	-0.160	-0.441	-0.76	-0.53	-0.53	0.23	NA	NA	NA	NA
1769	2	0	0	0	9	106.1	-0.018	0.850	0.110	0.593	-0.882	-0.018	0.38	0.14	0.85	-1.14	NA	NA	NA	NA
1770	1	0	0	0	9	100.8	-0.009	-0.729	-0.842	-0.219	0.923	-0.009	0.12	-1.51	0.61	1.03	NA	NA	NA	NA
1771	0	0	0	0	9	81.6	-0.458	-0.311	-1.236	0.336	-0.493	-0.458	-0.85	-1.81	0.59	0.07	NA	NA	NA	NA
1772	0	0	0	0	9	66.5	0.244	-0.129	-0.620	0.576	1.105	0.244	-0.59	-1.69	0.71	2.55	NA	NA	NA	NA
1773	0	0	0	0	9	34.8	0.270	-0.166	0.329	0.277	0.503	0.270	0.11	0.15	0.08	1.96	NA	NA	NA	NA
1774	0	0	0	0	9	30.6	-0.363	-0.126	0.578	1.100	-1.794	-0.363	-0.37	0.05	2.08	-2.17	NA	NA	NA	NA
1775	0	1	1	1	9	7	0.391	-0.584	-0.433	1.207	0.685	0.391	0.28	0.55	2.01	1.41	NA	NA	NA	NA
1776	0	0	0	0	9.2	19.8	-0.044	-0.527	-0.265	0.974	-0.414	-0.044	-0.22	-0.58	1.80	0.16	NA	NA	NA	NA
1777	0	0	0	0	9.2	92.5	-0.374	-0.862	-0.339	-0.013	-0.223	-0.374	-0.54	-0.01	0.62	0.04	NA	NA	NA	NA
1778	0	0	0	0	9.2	154.4	0.107	-0.480	0.585	0.691	-0.750	0.107	-0.64	0.89	0.93	-0.34	NA	NA	NA	NA
1779	0	0	0	0	9.2	125.9	0.650	0.160	1.380	0.208	0.891	0.650	0.71	1.87	-0.96	0.65	NA	NA	NA	NA
1780	0	0	0	0	9.2	84.8	-0.364	-0.720	0.329	0.073	-0.367	-0.364	-1.27	1.58	0.78	-0.47	NA	NA	NA	NA
1781	1	0	0	0	9.2	68.1	0.184	-0.938	0.131	0.919	0.550	0.184	-0.46	-0.22	1.84	0.06	NA	NA	NA	NA
1782	0	0	0	0	9.2	38.5	-0.705	-1.184	-0.755	0.250	-0.978	-0.705	0.21	-1.16	0.38	-1.08	NA	NA	NA	NA
1783	0	0	0	0	9.2	22.8	0.118	-0.629	0.044	0.896	0.020	0.118	-0.05	0.00	1.38	0.36	NA	NA	NA	NA
1784	0	0	0	0	9.2	10.2	-0.565	-1.549	-0.752	0.487	-0.562	-0.565	-1.12	-0.83	1.50	-0.70	NA	NA	NA	NA
1785	0	0	0	0	9.2	24.1	-1.015	-1.209	-2.333	-0.316	-0.171	-1.015	-0.86	-1.04	0.51	0.35	NA	NA	NA	NA
1786	0	0	0	0	13.6	82.9	-0.769	-0.923	-0.530	-0.006	-1.753	-0.769	-0.12	-1.21	-0.47	-1.02	NA	NA	NA	NA
1787	0	0	0	0	13.6	132	-0.147	-0.880	-0.243	0.314	0.008	-0.147	0.12	0.66	0.48	0.27	NA	NA	NA	NA
1788	0	0	0	0	13.6	130.9	-0.578	-0.343	-0.177	0.838	-0.455	-0.578	-0.86	-0.36	0.86	-0.65	NA	NA	NA	NA
1789	0	0	0	0	13.6	118.1	0.260	-3.080	-0.371	1.014	0.947	0.260	-1.52	-1.30	1.42	1.18	NA	NA	NA	NA
1790	0	0	0	0	13.6	89.9	-0.038	0.705	-0.412	-0.131	-0.354	-0.038	1.45	-1.10	1.50	0.08	NA	NA	NA	NA
1791	0	1	1	1	13.6	66.6	0.613	1.688	0.655	0.356	-0.317	0.613	1.64	0.63	1.06	0.00	NA	NA	NA	NA
1792	0	0	0	0	13.6	60	-0.114	-0.440	-0.156	0.589	-0.132	-0.114	-0.77	1.12	0.11	0.51	NA	NA	NA	NA
1793	0	0	0	0	13.6	46.9	0.040	0.063	-0.570	0.623	0.304	0.040	0.89	-0.46	2.35	-0.02	NA	NA	NA	NA
1794	1	0	0	0	13.6	41	0.671	0.728	1.297	0.737	0.153	0.671	-0.21	1.45	0.91	0.82	NA	NA	NA	NA
1795	0	0	0	0	13.6	21.3	-0.340	-1.789	0.022	-0.041	0.105	-0.340	-0.93	-0.49	-0.69	0.33	NA	NA	NA	NA
1796	0	0	0	0	13.6	16	-0.008	0.993	-1.014	0.512	0.117	-0.008	0.87	-0.10	2.29	-0.20	NA	NA	NA	NA
1797	0	0	0	0	13.6	6.4	0.652	-0.140	0.210	0.723	0.723	0.652	-0.58	-0.15	1.18	1.21	NA	NA	NA	NA
1798	0	0	0	0	13.6	4.1	0.228	0.587	0.658	0.973	0.019	0.228	0.35	0.39	2.43	1.23	NA	NA	NA	NA
1799	0	0	0	0	13.6	6.8	-0.954	-3.005	-0.930	0.006	0.266	-0.954	-0.58	-1.30	1.20	0.34	NA	NA	NA	NA
1800	0	0	0	0	12.3	14.5	-0.094	-1.672	-0.112	-0.212	0.301	-0.094	-1.48	-0.10	-0.75	0.35	NA	NA	NA	NA
1801	0	0	0	0	12.3	34	0.409	0.127	1.212	-0.212	0.686	0.409	-0.07	0.60	-0.38	-0.42	NA	NA	NA	NA
1802	0	0	0	0	12.3	45	0.287	-0.497	0.668	0.531	0.393	0.287	-0.30	0.73	0.94	-0.81	NA	NA	NA	NA
1803	0	3	3	1	12.3	43.1	-0.644	-2.007	0.517	0.325	-0.561	-0.644	-0.48	0.78	0.57	-1.84	NA	NA	NA	NA
1804	0	0	0	0	12.3	47.5	-0.209	-0.857	-0.178	0.611	-0.292	-0.209	-1.17	-0.18	0.77	0.71	NA	NA	NA	NA
1805	0	0	0	0	12.3	42.2	-0.781	-1.778	-0.669	0.047	-1.498	-0.781	-1.29	-0.78	-0.16	-1.48	NA	NA	NA	NA
1806	0	0	0	0	12.3	28.1	0.324	0.538	-0.277	-0.192	0.338	0.324	0.21	-2.07	0.36	0.70	NA	NA	NA	NA
1807	0	0	0	0	12.3	10.1	0.227	0.981	-0.882	1.076	0.425	0.227	0.67	-1.46	1.37	-1.25	NA	NA	NA	NA
1808	0	0	0	0	12.3	8.1	-0.541	-0.279	-1.597	0.735	0.250	-0.541	-0.93	-1.20	0.29	0.57	NA	NA	NA	NA
1809	0	0	0	0	12.3	2.5	-0.490	-2.191	-1.336	0.473	-0.631	-0.490	-1.80	-1.18	0.45	-0.16	NA	NA	NA	NA
1810	0	1	1	1	12.3	0	-0.490	-0.099	-1.042	-0.473	-0.081	-0.490	0.12	-2.18	0.01	-0.51	NA	NA	NA	NA
1811	0	0	0	0	12.3	1.4	0.390	-0.319	0.741	1.281	-0.033	0.390	0.85	0.58	0.58	-0.75	NA	NA	NA	NA
1812	0	0	0	0	12.7	5	-0.796	-0.694	-0.854	0.381	-0.494	-0.796	0.16	-2.01	-0.02	-0.69	NA	NA	NA	NA
1813	0	0	0	0	12.7	12.2	-0.160	-1.781	0.315	-0.353	-0.129	-0.160	-0.66	-0.40	-0.36	-0.23	NA	NA	NA	NA
1814	0	0	0	0	12.7	13.9	-0.605	-2.207	-0.612	0.309	-0.292	-0.605	-3.02	-1.53	0.90	-0.45	NA	NA	NA	NA
1815	0	0	0	0	12.7	35.4	-0.287	-0.145	0.368	-0.395	-0.190	-0.287	-0.24	0.53	0.05	0.26	NA	NA	NA	NA
1816	0	0	0	0	12.7	45.8	-0.521	-1.159	-0.636	-0.310	-0.345	-0.521	-0.70	-1.36	-0.02	-0.14	NA	NA	NA	NA
1817	0	0	0	0	12.7	41.1	-0.103	1.262	-0.543	0.376	-0.750	-0.103	1.08	-0.94	1.35	-0.85	NA	NA	NA	NA
1818	0	0	0	0	12.7	30.1	0.223	-0.483	-0.015	0.117	0.303	0.223	-0.25	-1.33	0.50	0.26	NA	NA	NA	NA
1819	0	0	0	0	12.7	23.9	0.266	0.837	0.279	0.788	0.023	0.266	1.07	-0.93	1.31	-0.41	NA	NA	NA	NA
1820	0	0	0	0	12.7	15.6	-0.316	-1.901	0.592	0.229	-0.173	-0.316	-1.44	-0.20	0.88	-0.81	NA	NA	NA	NA
1821	0	0	0	0	12.7	6.6	-0.021	-1.202	0.016	-1.091	0.689	-0.021	-1.79	0.47	-2.38	0.38	NA	NA	NA	NA
1822	1	0	0	0	12.7	4	0.849	1.560	1.453	0.468	0.751	0.849	0.66	0.12	-1.31	-0.26	NA	0.13	-1.70	-1.05
1823	0	0	0	0	12.7	1.8	0.036	-1.130	0.018	0.357	0.378	0.036	-1.03	-0.36	1.01	-0.16	-2.06	4.65	0.88	-0.49
1824	0	0	0	0	10.6	8.5	0.542	1.066	0.019	-0.117	0.872	0.542	0.09	-0.33	-1.72	-0.55	-0.04	0.45	-2.26	NA
1825	1	0	0	0	10.6	16.6	0.313	0.975	-0.401	-0.003	0.638	0.313	0.05	-0.91	-0.40	0.38	-0.01	0.06	0.31	0.70
1826	0	0	0	0	10.6	36.3	0.475	0.007	0.312	1.228	0.709	0.475	0.08	-0.26	2.01	-0.02	0.17	-0.13	1.81	-1.00
1827	0	0	0	0	10.6	49.6	0.330	-0.175	1.123	0.584	-0.262	0.330	-0.79	1.59	0.19	-1.42	-1.59	0.73	-0.54	-1.50
1828	0	0	0	0	10.6	64.2	-0.108	-0.348	0.319	0.703	-0.381	-0.108	0.40	-0.11	0.11	-0.89	1.45	-0.58	-2.76	-1.75
1829	1	0	0	0	10.6	67	-1.468	-2.153	-1.148	-0.337	-1.163	-1.468	-0.71	-0.97	-0.65	-0.59	0.29	-0.21	0.33	0.39
1830	0	0	0	0	10.6	70.9	-0.481	-3.202	-0.004	0.123	-0.231	-0.481	-1.78	0.40	-0.25	1.20	-0.52	2.20	0.66	2.09
1831	0	0	0	0	10.6	47.8	-0.196	-0.708	-0.090	0.189	-0.260	-0.196	-1.44	-0.51	0.89	0.87	-1.55	-1.38	-0.56	-0.14
1832	0	0	0	0	10.6	27.5	-0.582	0.283	-0.769	-0.591	-0.766	-0.582	0.44	0.07	-1.23	0.40	0.38	-0.45	-1.76	1.44
1833	0	1	1	1	10.6	8.5	0.083	-0.165	-0.232	-0.333	0.204	0.083	0.01	0.02	-1.21	1.39	1.83	-0.06	-1.04	-0.43
1834	0	0	0	0	10.6	13.2	0.364	0.806	0.040	1.026	0.163	0.364	1.54	-0.65	0.98	-1.15	3.30	-0.68	-0.44	-0.87
1835	0	0	0	0	9.6	56.9	-0.367	0.708	-0.325	0.029	-1.019	-0.367	-0.24	-0.04	0.20	0.82	1.28	0.37	1.01	-0.44
1836	0	0	0	0	9.6	121.5	-0.158	-1.166	0.452	-0.594	-0.314	-0.158	-0.57	0.33	1.96	0.25	0.02	0.55	3.36	-0.24
1837	0	1	1	1	9.6	138.3	-0.560	-0.274	-1.105	-0.136	-0.353	-0.560	-0.11	-1.24	-1.75	1.16	0.70	-1.55	-1.79	1.34
1838	0	0	0	0	9.6	103.2	-1.041	-2.668	-1.039	-0.500	-0.186	-1.041	-1.95	-1.10	-0.68	0.21	-0.87	-0.51	0.84	-0.20
1839	0	0	0	0	9.6	85.7	-0.440	-0.343	-1.839	0.494	0.366	-0.440	0.89	-1.02	-0.35	1.29	2.66	0.42	0.40	-1.02
1840	0	0	0	0	9.6	64.6	-0.959	-0.956	-1.325	-0.390	-0.452	-0.959	-0.48	-1.28	1.31	-0.07	0.65	-0.92	0.40	-0.53
1841	0	0	0	0	9.6	36.7	0.097	-2.559	0.679	0.011	0.343	0.097	-2.06	2.19	0.42	-0.96	-1.50	2.01	0.39	-1.04
1842	0	0	0	0	9.6	24.2	-0.354	0.006	-0.404	0.393	-1.160	-0.354	0.41	0.47	0.98	-1.22	2.31	0.71	-2.44	-3.40
1843	0	0	0	0	9.6	10.7	-0.070	1.706	-1.293	-0.258	-0.389	-0.070	0.62	-0.86	0.61	-0.34	0.00	0.09	1.78	-0.54
1844	0	0	0	0	12.5	15	-0.780	-0.624	-0.542	-0.692	-0.175	-0.780	-0.03	0.46	-0.45	-0.87	1.15	0.74	-0.25	-0.85
1845	0	0	0	0	12.5	40.1	-0.581	-1.406	-2.050	-0.001	0.173	-0.581	-1.12	-0.73	0.32	0.49	-0.22	-0.32	0.54	0.47
1846	0	6	1	1	12.5	61.5	0.204	0.150	0.384	0.788	0.352	0.204	0.05	0.76	1.41	0.59	1.24	0.17	1.33	-0.59
1847	0	0	0	0	12.5	98.5	-0.345	-1.183	-0.882	0.080	0.008	-0.345	-1.16	0.11	0.01	0.70	-0.81	0.45	0.54	0.86
1848	0	0	0	0	12.5	124.7	-0.171	-1.015	0.799	-0.085	-0.202	-0.171	0.63	0.52	1.11	-0.97	0.91	0.14	0.91	-1.94
1849	0	0	0	0	12.5	96.3	-0.565	-0.431	-0.700	-0.411	-0.333	-0.565	0.03	-0.60	-0.16	-0.79	2.58	-0.69	-0.44	-0.50
1850	0	0	0	0	12.5	66.6	-0.598	-1.737	-0.834	0.114	-0.789	-0.598	0.02	-0.29	0.95	-0.86	0.91	-0.80	0.29	-0.80
1851	0	0	0	0	12.5	64.5	-0.171	0.180	-0.634	-0.270	0.377	-0.171	1.11	-0.16	0.27	-0.71	2.23	-0.56	-0.78	0.29
1852	0	0	0	0	12.5	54.1	-0.240	-0.158	-1.098	0.290	-0.520	-0.240	0.30	-1.20	0.90	-1.24	1.20	-1.28	0.63	-1.53
1853	0	1	6	1	12.5	39	-0.288	0.783	-1.425	0.338	0.081	-0.288	-0.05	-0.79	1.22	1.51	-0.57	-0.91	0.16	-0.06
1854	0	0	0	0	12.5	20.6	-0.201	-1.216	-0.181	0.092	-0.335	-0.201	-0.83	0.70	0.12	-0.13	-0.43	1.20	-0.67	0.72
1855	0	0	0	0	12.5	6.7	-0.784	-1.106	-0.634	0.331	-0.080	-0.784	-0.87	0.02	0.42	-0.74	-1.07	-0.45	0.66	-0.91
1856	0	0	0	0	12.5	4.3	-0.835	-1.314	-1.323	-0.436	-1.492	-0.835	-1.66	-1.40	-0.25	-1.35	-1.00	-0.32	0.48	-0.36
1857	0	0	0	0	11.2	22.7	-0.294	-0.702	-0.430	-0.274	-0.082	-0.294	-0.23	0.15	-0.35	-1.04	0.37	0.49	2.02	-0.22
1858	0	0	0	0	11.2	54.8	-0.434	-1.014	-0.639	0.575	-0.403	-0.434	-0.08	0.21	0.83	-1.08	1.74	0.18	-0.59	-1.31
1859	0	0	0	0	11.2	93.8	0.294	0.679	0.263	0.611	0.034	0.294	1.47	-0.10	0.04	-0.27	2.71	-0.08	1.33	-0.74
1860	0	0	0	0	11.2	95.8	-0.508	-0.750	-0.559	0.180	-0.660	-0.508	-0.13	0.56	0.33	-0.71	0.18	-0.27	-1.58	-0.69
1861	0	0	0	0	11.2	77.2	-0.295	-1.593	-0.616	0.920	-0.390	-0.295	-1.13	-0.40	1.96	-0.16	-0.63	-0.60	0.87	-1.00
1862	0	0	0	0	11.2	59.1	-0.864	-2.023	0.311	-0.505	-0.835	-0.864	-1.20	0.43	0.71	1.08	-0.54	-0.32	-1.24	-0.08
1863	0	0	0	0	11.2	44	0.570	0.523	0.473	-0.005	0.742	0.570	1.09	1.62	0.00	1.73	2.38	0.91	-0.31	1.16
1864	0	0	0	0	11.2	47	-0.963	-1.108	-0.574	-0.254	-1.419	-0.963	-0.07	-1.25	-0.14	-1.49	1.31	-1.13	0.68	-1.64
1865	0	0	0	0	11.2	30.5	-0.325	-1.231	-0.516	-0.170	0.179	-0.325	-0.06	-0.27	0.28	-0.37	-0.35	0.25	0.15	0.15
1866	0	0	0	0	11.2	16.3	0.033	0.541	-0.453	0.270	-0.177	0.033	1.08	-1.45	0.37	0.90	1.78	-1.51	0.29	0.83
1867	0	0	0	0	11.2	7.3	-0.946	-0.133	-1.355	-0.554	-0.885	-0.946	-0.53	-1.27	-0.16	0.26	1.20	-0.77	0.04	0.12
1868	0	0	0	0	11.7	37.6	0.074	-1.896	0.299	0.724	-0.296	0.074	0.90	2.46	1.11	0.28	1.62	2.27	2.11	-0.54
1869	0	0	0	0	11.7	74	0.102	0.979	0.142	-0.097	-0.317	0.102	1.10	-0.20	-1.04	0.34	3.05	-0.42	0.24	0.21
1870	0	0	0	0	11.7	139	-0.823	-0.854	-0.505	-0.003	-0.605	-0.823	-0.86	0.37	-0.92	0.02	-0.78	0.80	-1.07	0.32
1871	0	0	0	0	11.7	111.2	-1.276	-3.160	-0.658	-0.274	-1.234	-1.276	-0.53	-0.75	-0.49	-1.51	-0.38	-0.56	1.52	-2.18
1872	0	0	0	0	11.7	101.6	0.503	-0.691	0.653	0.039	0.839	0.503	0.02	0.06	-0.92	0.62	0.47	-0.64	-1.79	-0.92
1873	0	0	0	0	11.7	66.2	0.006	0.678	-0.757	0.308	-0.008	0.006	0.24	-0.49	1.99	0.38	0.46	-1.16	1.37	-1.20
1874	0	1	1	1	11.7	44.7	-0.262	0.175	-1.053	-0.073	0.195	-0.262	0.60	0.77	-0.77	1.61	1.88	0.87	0.08	0.42
1875	0	1	1	1	11.7	17	-1.448	-1.872	-1.721	0.093	-1.489	-1.448	-0.63	-0.05	0.03	-1.05	-0.51	-0.04	0.58	-1.19
1876	0	0	0	0	11.7	11.3	-0.571	-1.865	-0.486	0.376	-0.863	-0.571	-0.51	0.50	1.53	-2.57	0.64	-0.80	2.07	-2.39
1877	0	0	0	0	11.7	12.4	-0.529	-0.665	-1.389	-0.117	-0.552	-0.529	0.04	-1.82	-1.01	-0.07	1.07	-1.49	-0.32	-0.14
1878	0	0	0	0	11.7	3.4	0.108	0.004	-0.021	-0.365	0.858	0.108	0.63	-0.94	-1.59	-0.40	1.85	0.24	-1.98	-1.95
1879	0	0	0	0	11.7	6	-0.813	-0.119	-0.832	-0.259	-0.868	-0.813	-1.60	0.11	0.00	-0.36	-1.06	0.22	-0.79	-1.12
1880	0	0	0	0	10.7	32.3	-0.616	-1.996	-0.854	-0.161	-0.553	-0.616	-0.48	0.00	-0.94	-1.53	0.97	-0.02	-0.63	-0.36
1881	0	0	0	0	10.7	54.3	-1.101	-1.569	-1.296	-0.395	-1.039	-1.101	-2.30	-1.89	0.40	-0.50	-1.57	-0.37	0.84	0.68
1882	0	0	0	0	10.7	59.7	-0.055	0.459	0.502	-0.242	-0.657	-0.055	1.15	0.85	1.60	1.63	3.01	0.84	1.00	1.02
1883	0	0	0	0	10.7	63.7	-0.469	-0.831	-1.400	-0.167	0.181	-0.469	0.84	-0.25	-0.48	1.46	1.41	-0.90	-0.33	1.50
1884	0	0	0	0	10.7	63.5	-0.566	0.339	-0.772	-0.903	-0.990	-0.566	1.06	0.49	-0.11	0.55	1.90	-0.78	0.62	0.24
1885	0	1	1	1	10.7	52.2	-0.548	-0.100	-0.435	-0.506	-0.891	-0.548	0.48	0.78	-1.15	0.94	0.41	-0.13	1.21	-0.07
1886	0	0	0	0	10.7	25.4	-0.443	-1.159	-0.823	-0.452	0.066	-0.443	-0.01	-0.66	1.47	0.96	-0.61	-0.49	-0.11	-0.11
1887	0	0	0	0	10.7	13.1	-0.531	0.207	-0.651	-0.320	-0.689	-0.531	0.77	-1.23	-0.61	-1.14	1.35	-0.84	-0.18	-2.32
1888	0	0	0	0	10.7	6.8	-1.293	-2.220	-1.315	-0.863	-0.887	-1.293	-1.15	-0.67	-1.14	-0.79	-1.22	-0.93	0.77	0.46
1889	0	0	0	0	10.7	6.3	-0.583	-1.261	-0.438	-0.053	-0.259	-0.583	1.09	0.38	0.56	0.62	0.57	0.26	1.55	-0.17
1890	0	0	0	0	10.7	7.1	-0.289	-0.700	0.656	-0.143	-0.697	-0.289	0.90	1.09	2.19	1.81	1.75	-0.24	0.84	1.75
1891	0	0	0	0	12.1	35.6	-0.595	-2.043	-0.587	-0.411	-0.404	-0.595	-0.89	-0.95	-1.53	1.19	0.11	-1.29	-0.69	0.10
1892	0	0	0	0	12.1	73	-0.631	-0.409	-0.617	-0.544	0.016	-0.631	0.31	-0.96	-0.40	0.54	-0.04	-1.08	0.29	-0.42
1893	0	0	0	0	12.1	85.1	-0.880	-3.139	-0.634	-0.338	-0.273	-0.880	-0.92	-1.71	-1.40	-0.17	-0.04	0.12	-0.53	-0.94
1894	0	0	0	0	12.1	78	-0.209	0.049	0.301	-0.206	-0.802	-0.209	1.78	0.78	0.71	-1.74	2.40	0.57	1.62	-0.82
1895	0	0	0	0	12.1	64	-0.462	-1.463	-0.537	-0.104	0.304	-0.462	-1.80	-0.06	-0.27	-0.92	-1.94	0.20	0.91	0.18
1896	0	0	0	0	12.1	41.8	-0.422	-0.950	-0.512	0.048	-0.229	-0.422	-0.47	1.44	-0.52	-0.02	0.71	1.01	-0.02	-0.91
1897	0	0	0	0	12.1	26.2	-0.129	-0.658	0.544	0.351	-0.694	-0.129	0.34	1.65	-0.30	-0.36	0.94	2.02	0.34	0.27
1898	0	0	0	0	12.1	26.7	0.006	0.095	-0.541	-0.313	0.247	0.006	1.29	1.03	-0.47	0.41	1.74	0.20	0.40	-0.82
1899	0	0	0	0	12.1	12.1	-0.327	0.826	-0.747	-0.662	0.288	-0.327	0.15	-0.75	-0.56	0.07	1.22	-0.65	0.36	0.58
1900	0	0	0	0	12.1	9.5	-0.406	-1.025	-1.367	-0.214	0.085	-0.406	-0.83	-0.41	-0.88	1.02	-0.62	-0.36	-0.50	0.35
1901	0	0	0	0	12.1	2.7	-0.150	-0.986	-0.004	0.718	-0.331	-0.150	-0.68	-0.44	0.25	0.03	0.63	0.30	-0.16	-0.76
1902	0	0	1	1	12.1	5	-1.061	0.252	-1.278	-1.218	-1.425	-1.061	-0.86	-0.11	-2.87	-0.96	-0.46	-0.03	-1.56	-0.57
1903	0	1	0	0	11.9	24.4	0.047	0.033	0.420	-0.729	-0.310	0.047	0.43	1.48	-1.13	0.08	2.47	1.13	0.43	0.24
1904	0	0	0	0	11.9	42	-0.374	0.436	-0.568	-0.490	-0.742	-0.374	1.22	1.77	-1.40	-0.21	0.79	1.23	-0.10	-0.11
1905	0	0	0	0	11.9	63.5	-0.213	-0.669	-0.073	0.255	-0.568	-0.213	-0.01	0.47	-0.11	-0.07	1.59	0.11	-0.46	-1.18
1906	0	0	0	0	11.9	53.8	0.025	0.561	0.320	-0.243	-0.149	0.025	0.91	-0.69	-1.02	0.44	1.92	-0.11	0.00	-0.08
1907	0	0	0	0	11.9	62	-0.737	-1.321	-0.761	-0.808	0.052	-0.737	1.05	0.74	-0.53	0.51	0.94	0.69	0.81	-0.59
1908	0	1	1	1	11.9	48.5	-0.597	-0.293	-0.689	-0.473	-1.075	-0.597	1.00	0.57	-0.91	-0.68	1.27	0.30	0.51	0.34
1909	0	0	0	0	11.9	43.9	-0.506	-1.158	-1.054	-0.746	0.316	-0.506	0.65	-1.16	1.26	-0.66	0.92	-0.98	1.20	-0.89
1910	0	0	0	0	11.9	18.6	0.114	1.570	0.151	-0.675	-0.727	0.114	0.99	0.62	-0.43	-1.68	1.98	-0.29	-0.80	-1.19
1911	0	0	0	0	11.9	5.7	-0.119	-0.301	-0.300	-0.094	0.249	-0.119	0.20	0.48	-1.02	-0.10	0.92	-0.28	0.36	-0.13
1912	0	0	0	0	11.9	3.6	-0.664	-0.114	-0.022	-0.640	-1.802	-0.664	-0.49	1.11	-0.71	-0.37	0.65	1.27	-0.78	-0.29
1913	1	0	0	0	11.9	1.4	-0.002	0.368	0.435	-0.828	0.315	-0.002	1.01	2.60	0.56	0.47	2.01	1.70	0.23	0.15
1914	0	0	0	0	11.9	9.6	-0.077	0.429	0.409	-0.348	-1.186	-0.077	0.47	1.93	0.99	-0.25	1.42	2.00	0.14	-0.69
1915	0	0	0	0	10	47.4	-0.640	1.023	-0.924	-0.545	-1.435	-0.640	1.25	-1.18	-2.19	-1.37	1.38	-0.49	-1.59	-1.81
1916	0	0	0	0	10	57.1	0.027	0.815	-0.170	-0.599	-0.434	0.027	0.68	-0.47	-1.35	0.61	1.73	-1.26	-1.43	-0.32
1917	1	1	1	1	10	103.9	-0.747	-1.224	-1.688	0.402	0.311	-0.747	-1.88	-1.91	-0.04	1.89	-2.16	-0.91	0.07	1.80
1918	0	0	0	0	10	80.6	-0.089	-0.417	-0.153	-0.918	0.388	-0.089	-1.03	-0.17	-0.29	1.09	0.20	-0.44	0.37	0.22
1919	0	1	1	1	10	63.6	-0.680	0.311	-0.885	-0.676	-0.957	-0.680	-0.23	0.13	0.94	-1.25	0.61	0.94	1.52	-1.86
1920	0	0	0	0	10	37.6	0.141	0.101	1.759	-0.168	-1.234	0.141	2.15	1.36	0.36	0.52	2.36	1.31	-0.32	0.25
1921	0	0	0	0	10	26.1	0.082	0.164	1.328	-0.150	-0.926	0.082	-0.11	1.80	-0.18	-0.51	0.94	0.65	-0.89	-0.96
1922	0	0	0	0	10	14.2	-0.460	-0.806	0.145	-0.242	-1.125	-0.460	1.87	0.41	2.41	-1.14	1.93	0.98	0.89	-1.48
1923	0	0	0	0	10	5.8	-0.083	0.160	-0.283	-1.024	0.817	-0.083	1.32	-0.27	1.16	1.62	2.03	-0.31	0.95	0.67
1924	0	0	0	0	10	16.7	-0.259	-1.146	-0.436	-0.205	0.501	-0.259	0.18	-1.49	1.69	0.71	0.16	-1.12	-0.30	0.33
1925	0	0	0	0	10.2	44.3	0.090	1.870	-0.037	-0.197	-0.768	0.090	1.57	0.73	0.84	-1.49	3.35	0.57	0.20	-1.41
1926	0	0	0	0	10.2	63.9	0.048	-0.009	-0.034	-0.528	0.623	0.048	-0.70	-0.26	-0.31	-0.53	0.94	0.57	-0.14	-1.04
1927	0	0	0	0	10.2	69	-0.101	-0.374	0.165	0.537	-0.150	-0.101	0.39	0.10	0.42	-0.70	0.91	0.65	-0.05	-1.69
1928	0	0	0	0	10.2	77.8	-0.212	-0.634	-0.716	-0.487	0.328	-0.212	0.48	-0.99	-1.34	0.76	1.14	-0.92	-0.49	-0.03
1929	0	0	0	0	10.2	64.9	-0.670	-2.863	-1.208	-0.197	0.784	-0.670	-1.23	-1.10	-0.40	1.78	-0.18	-1.20	0.04	0.90
1930	0	0	0	0	10.2	35.7	0.464	1.456	0.537	0.153	0.391	0.464	1.27	0.27	0.51	-0.31	1.57	-0.33	0.05	0.09
1931	0	0	0	0	10.2	21.2	-0.483	-0.448	-0.549	0.144	-0.830	-0.483	1.21	-0.90	-1.01	-0.68	0.80	-0.96	-0.96	-0.02
1932	0	0	0	0	10.2	11.1	0.082	-0.527	-0.889	0.167	0.683	0.082	-1.15	-0.56	0.05	0.63	0.31	-0.71	-0.03	0.03
1933	0	0	0	0	10.2	5.7	-0.698	0.029	-0.735	-0.284	-0.154	-0.698	-0.36	-0.58	1.33	-1.26	0.27	0.16	1.22	-2.33
1934	0	0	0	0	10.2	8.7	0.779	-0.681	1.020	0.264	1.051	0.779	0.23	0.68	0.17	0.51	0.64	0.01	-0.72	0.68
1935	0	0	0	0	10.4	36.1	0.065	0.334	-0.624	0.109	0.491	0.065	0.34	-1.56	1.65	2.16	1.17	-1.08	0.94	0.85
1936	0	1	1	1	10.4	79.7	0.331	1.012	0.402	0.554	-0.615	0.331	-1.64	-0.69	0.78	0.03	-1.68	-1.66	1.59	-0.04
1937	5	0	0	0	10.4	114.4	0.590	0.468	0.869	0.779	0.844	0.590	0.86	0.14	-0.40	-0.95	2.08	0.83	0.32	-1.38
1938	0	7	7	1	10.4	109.6	0.657	0.268	0.003	0.955	1.346	0.657	-0.18	-0.27	1.77	2.38	0.72	0.37	0.73	1.61
1939	0	0	0	0	10.4	88.8	0.253	1.023	-0.406	0.569	-0.145	0.253	0.35	-0.22	-0.37	-1.39	0.61	-0.25	-0.35	-1.63
1940	0	1	1	1	10.4	67.8	-0.982	-2.528	-0.855	-0.304	0.167	-0.982	-1.88	-0.79	0.11	0.43	-1.42	-0.15	-0.70	-0.56
1941	1	0	0	0	10.4	47.5	-1.133	-1.558	-1.326	0.081	-1.596	-1.133	-1.20	-1.03	0.39	-1.68	-0.82	-1.59	0.24	-0.76
1942	0	0	0	0	10.4	30.6	-0.925	-3.538	-1.173	-0.143	0.214	-0.925	-0.30	-0.79	0.09	-0.11	-0.30	-0.35	-0.62	-0.86
1943	0	2	2	2	10.4	16.3	0.558	0.258	0.669	0.321	0.822	0.558	0.89	1.16	-0.38	1.31	1.81	2.15	0.59	-0.04
1944	1	0	0	0	10.4	9.6	0.236	1.020	-0.481	0.215	0.444	0.236	0.15	-1.01	-0.82	0.71	0.55	0.30	-1.60	0.11
1945	0	0	0	0	10	33.2	0.029	-0.304	0.327	0.568	-0.134	0.029	-0.46	-1.13	0.02	-2.19	0.94	0.94	-0.62	-0.21
1946	0	0	0	0	10	92.6	0.236	-0.278	0.324	0.816	-0.048	0.236	-0.06	-0.02	2.44	-0.81	0.72	-0.81	1.95	-0.44
1947	0	0	0	0	10	151.6	0.166	-1.864	0.570	1.162	0.420	0.166	-0.55	0.36	-0.39	-0.15	-1.00	1.39	-0.23	0.14
1948	0	1	1	1	10	136.3	0.374	0.857	0.881	-0.149	0.116	0.374	-0.41	0.71	-0.38	-0.14	0.49	0.59	0.22	1.30
1949	5	0	0	0	10	134.7	0.655	1.010	0.186	-0.228	1.118	0.655	0.79	0.94	-1.68	0.40	2.20	0.35	-0.35	0.04
1950	0	0	0	0	10	83.9	0.369	-0.055	1.107	0.401	0.424	0.369	1.00	-0.16	0.93	1.37	1.32	0.23	0.04	1.02
1951	0	0	0	0	10	69.4	0.273	0.381	-0.136	0.262	0.249	0.273	0.90	-1.73	0.01	0.49	-0.04	-1.52	0.26	-0.44
1952	0	0	0	0	10	31.5	0.065	1.138	-0.441	0.350	-0.405	0.065	1.03	-0.50	-0.12	-1.58	1.20	0.24	-0.61	-1.37
1953	1	0	0	0	10	13.9	0.272	-0.324	0.310	0.637	0.214	0.272	-0.60	-1.26	1.65	1.22	0.07	-0.37	0.14	1.59
1954	1	0	0	0	10	4.4	-0.124	-1.662	-0.056	0.315	0.535	-0.124	0.72	-0.25	1.54	2.09	0.27	-0.49	-0.22	2.04
1955	0	0	0	0	10.7	38	-0.071	1.310	-1.086	0.160	0.332	-0.071	-0.59	-1.00	-0.58	-0.60	-0.65	-0.06	-0.32	-1.22
1956	0	9	9	2	10.7	141.7	-1.087	-2.140	-0.888	-0.516	-1.148	-1.087	-1.12	1.00	-0.31	0.03	-1.07	0.88	-0.51	0.70
1957	0	0	0	0	10.7	190.2	0.441	1.260	-0.095	0.308	0.331	0.441	1.00	-0.38	-1.30	-0.79	2.06	-0.35	-0.19	-0.69
1958	0	0	0	0	10.7	184.8	-0.027	0.384	-0.905	-0.346	0.624	-0.027	-0.25	-0.45	-1.06	0.24	0.07	0.54	-0.22	0.62
1959	0	0	0	0	10.7	159	0.376	0.753	0.810	0.633	-0.645	0.376	-0.66	0.68	0.66	0.21	-0.13	0.37	0.61	-0.11
1960	0	0	0	0	10.7	112.3	0.329	-0.051	0.298	0.300	0.116	0.329	-0.62	-0.05	-0.47	-0.21	0.09	0.38	-0.69	-0.48
1961	0	0	0	0	10.7	53.9	0.808	1.866	1.022	0.263	0.979	0.808	1.59	-0.47	2.04	1.54	1.99	0.62	2.05	0.29
1962	0	0	0	0	10.7	37.6	-0.082	0.531	-0.487	-0.627	0.629	-0.082	-0.37	-1.14	0.02	-0.38	0.50	-1.05	0.53	-0.85
1963	0	0	0	0	10.7	27.9	-0.416	-2.523	-0.492	0.245	1.027	-0.416	-2.61	1.72	-0.66	0.71	-2.22	1.41	-1.13	1.19
1964	0	0	0	0	10.7	10.2	-0.014	-0.818	-0.296	0.130	0.244	-0.014	-2.23	0.58	-0.67	0.00	-0.76	0.90	-0.62	0.82
1965	0	0	0	0	10.7	15.1	-0.539	-0.181	-0.837	-0.585	-0.608	-0.539	-1.58	0.23	0.71	-0.69	-1.42	0.76	0.25	-1.35
1966	0	0	0	0	11.6	47	0.125	0.031	0.249	0.099	0.393	0.125	-1.12	0.43	-0.37	-1.53	-0.05	1.25	-1.07	-1.14
1967	0	0	0	0	11.6	93.8	0.269	-0.502	0.724	0.093	1.260	0.269	0.42	1.23	0.66	1.40	1.14	0.59	1.00	0.25
1968	0	0	0	0	11.6	105.9	-0.136	-1.258	0.557	-0.208	-0.130	-0.136	-0.86	-0.29	-1.43	-1.33	-0.14	-0.62	-0.82	-0.49
1969	1	0	0	0	11.6	105.5	-0.584	-1.207	-0.699	-0.138	0.342	-0.584	-2.31	-0.65	0.44	0.44	-2.18	-0.31	0.30	-0.07
1970	1	0	0	0	11.6	104.5	-0.078	-1.126	-0.267	0.301	0.115	-0.078	0.05	0.26	0.13	0.11	-0.11	0.87	-0.01	0.41
1971	0	0	0	0	11.6	66.6	-0.022	0.648	-0.517	-0.095	-0.505	-0.022	-0.64	0.29	-0.05	-0.53	-0.27	-1.84	-0.76	-0.12
1972	0	0	0	0	11.6	68.9	0.194	-0.003	0.388	0.659	-0.458	0.194	0.36	1.77	0.82	-1.20	0.01	0.57	0.53	-1.74
1973	1	0	0	0	11.6	38	0.023	1.308	0.196	0.299	-0.846	0.023	1.27	-1.31	1.38	-1.03	1.57	-0.40	0.43	-0.69
1974	2	0	0	0	11.6	34.5	0.538	1.031	0.059	-0.166	0.197	0.538	1.25	-0.32	0.75	0.74	0.93	-1.04	0.94	-0.02
1975	0	0	0	0	11.6	15.5	0.743	2.079	1.009	0.257	0.267	0.743	0.85	-0.58	-0.70	0.87	1.96	-1.51	0.30	1.00
1976	0	0	0	0	11.6	12.6	-0.530	-0.485	-0.370	-0.432	-0.706	-0.530	0.02	1.54	-2.12	-0.32	0.16	0.51	0.60	-0.87
1977	0	0	0	0	10.3	27.5	0.156	0.519	0.449	-0.437	0.105	0.156	-1.13	0.01	-0.19	0.15	-1.90	0.26	-1.15	0.82
1978	0	0	0	0	10.3	92.5	-0.459	-0.204	0.016	-0.867	-0.117	-0.459	-0.76	0.64	-0.70	0.78	-0.59	0.12	-0.05	1.96
1979	3	0	0	0	10.3	155.4	-0.026	-1.377	0.239	-0.021	-0.083	-0.026	-1.94	0.48	0.77	0.78	-1.97	0.25	0.71	0.37
1980	1	0	0	0	10.3	154.6	-0.479	-0.060	-1.046	-0.186	-0.189	-0.479	0.06	-1.10	-0.35	-0.45	0.32	-0.97	-0.27	-0.40
1981	0	0	0	0	10.3	140.4	0.224	0.213	0.156	0.180	0.496	0.224	1.04	-0.62	0.03	0.09	1.20	-0.99	0.39	0.29
1982	0	0	0	0	10.3	115.9	0.378	-0.317	0.213	0.007	0.820	0.378	-0.32	0.85	0.19	1.61	-0.22	0.59	-0.35	1.04
1983	0	0	0	0	10.3	66.6	0.631	1.363	1.076	0.232	0.305	0.631	1.14	0.47	0.45	-1.00	2.07	0.07	0.12	-0.29
1984	4	1	1	1	10.3	45.9	0.202	0.791	0.168	-0.575	0.561	0.202	1.70	-0.70	-0.14	0.89	1.70	-1.38	0.75	-0.27
1985	2	0	0	0	10.3	17.9	-0.629	-2.367	0.004	-0.019	-0.093	-0.629	-0.96	0.07	0.71	-1.71	-0.53	-0.57	0.78	-0.90
1986	1	0	0	0	10.3	13.4	-0.003	-0.811	0.610	0.287	0.199	-0.003	-0.20	2.13	-1.19	1.21	-1.00	1.36	-0.87	1.45
1987	0	0	0	0	10.3	29.4	-0.594	-1.595	-1.306	-0.371	0.446	-0.594	-0.85	-0.34	-1.49	0.34	0.35	0.69	-1.60	-0.07
1988	2	0	0	0	10	100.2	0.445	1.257	0.343	0.791	-0.492	0.445	-0.16	-0.57	1.44	-0.96	-0.13	-0.95	-0.19	-0.90
1989	1	0	0	0	10	157.6	1.314	2.004	1.896	0.638	0.440	1.314	1.69	1.27	0.53	-0.17	3.00	1.04	0.60	-1.02
1990	3	0	0	0	10	142.6	1.197	2.423	1.559	0.281	0.491	1.197	1.06	0.58	0.95	-0.31	2.13	1.23	1.72	-1.02
1991	4	0	0	0	10	145.7	0.456	0.591	0.198	0.635	0.691	0.456	0.74	0.48	0.27	0.63	0.73	0.02	0.71	-0.40
1992	1	0	0	0	10	94.3	0.647	1.053	0.911	0.687	-0.264	0.647	-0.23	1.28	1.24	0.90	1.69	1.26	1.09	0.73
1993	1	0	0	0	10	54.6	0.168	1.119	0.820	-0.254	-1.262	0.168	0.99	-0.12	-0.20	-0.66	1.41	-0.10	0.52	-1.99
1994	7	0	0	0	10	29.9	1.034	1.040	1.122	1.052	0.986	1.034	1.68	1.71	0.60	-0.47	1.17	1.21	0.44	-1.02
1995	4	0	0	0	10	17.5	0.842	2.198	0.842	0.937	0.164	0.842	1.99	-0.37	-2.21	-1.02	2.90	-0.37	-1.88	-1.02
1996	26	0	0	0	10	8.6	0.078	-0.633	-0.021	0.423	0.330	0.078	-1.57	-1.84	0.88	0.67	-2.24	-1.46	0.90	-0.78
1997	24	0	0	0	10	21.5	0.594	0.704	0.293	0.855	0.157	0.594	-0.87	-0.98	-0.42	-1.43	-0.46	-0.08	-0.36	-1.31
1998	4	0	0	0	10.5	64.3	0.638	1.672	0.652	0.784	-0.228	0.638	-0.39	0.09	0.36	0.17	0.65	-0.14	0.13	-0.34
1999	0	0	0	0	10.5	93.3	1.051	0.466	1.132	1.198	1.055	1.051	1.58	0.27	-1.19	0.66	1.55	0.25	-1.38	-0.30
2000	1	0	0	0	10.5	119.6	1.217	1.166	1.430	0.653	1.270	1.217	1.45	-0.42	-0.78	1.46	2.28	-0.83	-0.44	0.31
2001	1	0	0	0	NA	111	NA	1.711	0.993	1.118	0.824	0.856	-0.75	-0.32	-0.56	NA	-0.44	0.16	-0.27	-0.98
2002	3	0	0	0	NA	104	NA	0.920	1.559	1.340	0.294	1.089	NA	NA	NA	NA	1.02	0.32	-0.14	-1.78
2003	7	0	0	0	NA	63.7	NA	-0.432	1.12	2.000	0.71	1.02	NA	NA	NA	NA	0.17	0.17	-0.59	-1.01
2004	4	0	0	0	NA	40.4	NA	NA	NA	NA	NA	NA	NA	NA	NA	NA	-0.63	0.49	-0.48	-0.07
2005	NA	1	1	1	NA	29.8	NA	NA	NA	NA	NA	NA	NA	NA	NA	NA	0.28	-0.24	-0.05	-0.32
2006	NA	0	0	0	NA	15.2	NA	NA	NA	NA	NA	NA	NA	NA	NA	NA	-0.72	-0.26	-0.68	-0.43
2007	NA	0	0	0	NA	7.5	NA	NA	NA	NA	NA	NA	NA	NA	NA	NA	1.76	0.85	-2.60	-0.96
2008	NA	0	0	0	NA	2.9	NA	NA	NA	NA	NA	NA	NA	NA	NA	NA	1.70	-1.64	-1.21	-1.12
2009	NA	1	7	1	NA	3.1	NA	NA	NA	NA	NA	NA	NA	NA	NA	NA	-0.47	1.14	-0.97	-0.32
																				
